0 47
0 48
1 15
1 16
1 17
1 18
1 19
1 20
1 21
1 46
1 47
1 48
1 49
1 50
1 51
2 13
2 14
2 15
2 16
2 17
2 18
2 19
2 20
2 21
2 22
2 23
2 24
2 46
2 47
2 48
2 49
2 50
2 51
2 52
2 53
3 11
3 12
3 13
3 14
3 15
3 16
3 17
3 18
3 19
3 20
3 21
3 22
3 23
3 24
3 25
3 46
3 47
3 48
3 49
3 50
3 51
3 52
3 53
3 54
4 10
4 11
4 12
4 13
4 14
4 15
4 16
4 17
4 18
4 19
4 20
4 21
4 22
4 23
4 24
4 25
4 26
4 27
4 48
4 49
4 50
4 51
4 52
4 53
4 54
4 55
5 9
5 10
5 11
5 12
5 13
5 14
5 15
5 21
5 22
5 23
5 24
5 25
5 26
5 27
5 28
5 51
5 52
5 53
5 54
5 55
5 56
6 9
6 10
6 11
6 12
6 13
6 23
6 24
6 25
6 26
6 27
6 28
6 29
6 52
6 53
6 54
6 55
6 56
6 57
7 8
7 9
7 10
7 11
7 12
7 25
7 26
7 27
7 28
7 29
7 30
7 53
7 54
7 55
7 56
7 57
7 58
8 7
8 8
8 9
8 10
8 11
8 26
8 27
8 28
8 29
8 30
8 31
8 54
8 55
8 56
8 57
8 58
8 59
9 7
9 8
9 9
9 10
9 11
9 27
9 28
9 29
9 30
9 31
9 32
9 55
9 56
9 57
9 58
9 59
10 7
10 8
10 9
10 10
10 29
10 30
10 31
10 32
10 33
10 56
10 57
10 58
10 59
10 60
11 6
11 7
11 8
11 9
11 10
11 30
11 31
11 32
11 33
11 34
11 57
11 58
11 59
11 60
11 61
12 6
12 7
12 8
12 9
12 31
12 32
12 33
12 34
12 35
12 58
12 59
12 60
12 61
13 6
13 7
13 8
13 9
13 32
13 33
13 34
13 35
13 36
13 58
13 59
13 60
13 61
13 62
14 6
14 7
14 8
14 9
14 33
14 34
14 35
14 36
14 37
14 59
14 60
14 61
14 62
15 6
15 7
15 8
15 9
15 33
15 34
15 35
15 36
15 37
15 38
15 59
15 60
15 61
15 62
16 6
16 7
16 8
16 9
16 34
16 35
16 36
16 37
16 38
16 39
16 59
16 60
16 61
16 62
16 63
17 6
17 7
17 8
17 9
17 35
17 36
17 37
17 38
17 39
17 40
17 60
17 61
17 62
17 63
18 6
18 7
18 8
18 9
18 36
18 37
18 38
18 39
18 40
18 41
18 60
18 61
18 62
18 63
19 6
19 7
19 8
19 9
19 10
19 37
19 38
19 39
19 40
19 41
19 42
19 60
19 61
19 62
19 63
20 7
20 8
20 9
20 10
20 11
20 38
20 39
20 40
20 41
20 42
20 43
20 60
20 61
20 62
20 63
21 7
21 8
21 9
21 10
21 11
21 12
21 39
21 40
21 41
21 42
21 43
21 44
21 60
21 61
21 62
21 63
22 8
22 9
22 10
22 11
22 12
22 13
22 14
22 40
22 41
22 42
22 43
22 44
22 45
22 46
22 60
22 61
22 62
22 63
23 9
23 10
23 11
23 12
23 13
23 14
23 15
23 16
23 17
23 41
23 42
23 43
23 44
23 45
23 46
23 47
23 59
23 60
23 61
23 62
23 63
24 10
24 11
24 12
24 13
24 14
24 15
24 16
24 17
24 18
24 19
24 20
24 21
24 22
24 43
24 44
24 45
24 46
24 47
24 48
24 49
24 58
24 59
24 60
24 61
24 62
25 12
25 13
25 14
25 15
25 16
25 17
25 18
25 19
25 20
25 21
25 22
25 23
25 44
25 45
25 46
25 47
25 48
25 49
25 50
25 51
25 52
25 53
25 54
25 55
25 56
25 57
25 58
25 59
25 60
25 61
25 62
26 14
26 15
26 16
26 17
26 18
26 19
26 20
26 21
26 22
26 23
26 45
26 46
26 47
26 48
26 49
26 50
26 51
26 52
26 53
26 54
26 55
26 56
26 57
26 58
26 59
26 60
26 61
27 18
27 19
27 20
27 21
27 22
27 23
27 47
27 48
27 49
27 50
27 51
27 52
27 53
27 54
27 55
27 56
27 57
27 58
27 59
27 60
28 50
28 51
28 52
28 53
28 54
28 55
28 56
28 57
28 58
32 27
32 28
32 29
32 30
32 31
32 32
32 33
32 34
32 35
32 36
32 37
32 38
32 39
32 40
32 41
32 42
32 43
32 44
32 45
32 46
32 47
32 48
32 49
33 22
33 23
33 24
33 25
33 26
33 27
33 28
33 29
33 30
33 31
33 32
33 33
33 34
33 35
33 36
33 37
33 38
33 39
33 40
33 41
33 42
33 43
33 44
33 45
33 46
33 47
33 48
33 49
33 50
33 51
33 52
33 53
34 18
34 19
34 20
34 21
34 22
34 23
34 24
34 25
34 26
34 27
34 28
34 29
34 30
34 31
34 32
34 33
34 34
34 35
34 36
34 37
34 38
34 39
34 40
34 41
34 42
34 43
34 44
34 45
34 46
34 47
34 48
34 49
34 50
34 51
34 52
34 53
34 54
34 55
35 16
35 17
35 18
35 19
35 20
35 21
35 22
35 23
35 24
35 25
35 26
35 27
35 28
35 29
35 30
35 31
35 32
35 33
35 34
35 43
35 44
35 45
35 46
35 47
35 48
35 49
35 50
35 51
35 52
35 53
35 54
35 55
35 56
35 57
36 14
36 15
36 16
36 17
36 18
36 19
36 20
36 21
36 22
36 23
36 24
36 25
36 26
36 50
36 51
36 52
36 53
36 54
36 55
36 56
36 57
36 58
36 59
37 12
37 13
37 14
37 15
37 16
37 17
37 18
37 19
37 20
37 21
37 53
37 54
37 55
37 56
37 57
37 58
37 59
37 60
38 11
38 12
38 13
38 14
38 15
38 16
38 17
38 18
38 55
38 56
38 57
38 58
38 59
38 60
38 61
39 10
39 11
39 12
39 13
39 14
39 15
39 16
39 57
39 58
39 59
39 60
39 61
39 62
40 9
40 10
40 11
40 12
40 13
40 14
40 58
40 59
40 60
40 61
40 62
41 8
41 9
41 10
41 11
41 12
41 13
41 59
41 60
41 61
41 62
41 63
42 7
42 8
42 9
42 10
42 11
42 60
42 61
42 62
42 63
43 7
43 8
43 9
43 10
43 60
43 61
43 62
43 63
44 6
44 7
44 8
44 9
44 10
44 60
44 61
44 62
44 63
45 6
45 7
45 8
45 9
45 60
45 61
45 62
45 63
46 6
46 7
46 8
46 9
46 60
46 61
46 62
46 63
47 6
47 7
47 8
47 9
47 60
47 61
47 62
47 63
48 6
48 7
48 8
48 9
48 59
48 60
48 61
48 62
48 63
49 6
49 7
49 8
49 9
49 58
49 59
49 60
49 61
49 62
50 6
50 7
50 8
50 9
50 58
50 59
50 60
50 61
50 62
51 6
51 7
51 8
51 9
51 10
51 57
51 58
51 59
51 60
51 61
52 7
52 8
52 9
52 10
52 11
52 12
52 55
52 56
52 57
52 58
52 59
52 60
53 8
53 9
53 10
53 11
53 12
53 13
53 14
53 54
53 55
53 56
53 57
53 58
53 59
54 9
54 10
54 11
54 12
54 13
54 14
54 15
54 16
54 17
54 18
54 52
54 53
54 54
54 55
54 56
54 57
54 58
55 10
55 11
55 12
55 13
55 14
55 15
55 16
55 17
55 18
55 51
55 52
55 53
55 54
55 55
55 56
55 57
56 12
56 13
56 14
56 15
56 16
56 17
56 18
56 49
56 50
56 51
56 52
56 53
56 54
56 55
56 56
57 15
57 16
57 17
57 18
57 47
57 48
57 49
57 50
57 51
57 52
57 53
57 54
58 44
58 45
58 46
58 47
58 48
58 49
58 50
58 51
58 52
58 53
59 41
59 42
59 43
59 44
59 45
59 46
59 47
59 48
59 49
59 50
59 51
60 40
60 41
60 42
60 43
60 44
60 45
60 46
60 47
60 48
60 49
61 40
61 41
61 42
61 43
61 44
61 45
61 46
62 40
62 41
62 42
62 43
62 44
66 6
66 7
66 8
66 9
66 10
66 11
66 12
66 13
66 14
66 15
66 16
66 17
66 18
66 19
66 20
66 21
66 22
66 23
66 24
66 25
66 26
66 27
66 28
66 29
66 30
66 31
66 32
66 33
66 34
66 35
66 36
66 37
66 38
66 39
66 40
66 41
66 42
66 43
66 44
66 45
66 46
66 47
66 48
66 49
66 50
66 51
66 52
66 53
66 54
66 55
66 56
66 57
66 58
66 59
67 6
67 7
67 8
67 9
67 10
67 11
67 12
67 13
67 14
67 15
67 16
67 17
67 18
67 19
67 20
67 21
67 22
67 23
67 24
67 25
67 26
67 27
67 28
67 29
67 30
67 31
67 32
67 33
67 34
67 35
67 36
67 37
67 38
67 39
67 40
67 41
67 42
67 43
67 44
67 45
67 46
67 47
67 48
67 49
67 50
67 51
67 52
67 53
67 54
67 55
67 56
67 57
67 58
67 59
67 60
67 61
67 62
68 6
68 7
68 8
68 9
68 10
68 11
68 12
68 13
68 14
68 15
68 16
68 17
68 18
68 19
68 20
68 21
68 22
68 23
68 24
68 25
68 26
68 27
68 28
68 29
68 30
68 31
68 32
68 33
68 34
68 35
68 36
68 37
68 38
68 39
68 40
68 41
68 42
68 43
68 44
68 45
68 46
68 47
68 48
68 49
68 50
68 51
68 52
68 53
68 54
68 55
68 56
68 57
68 58
68 59
68 60
68 61
68 62
69 7
69 8
69 9
69 10
69 11
69 12
69 13
69 14
69 15
69 16
69 17
69 18
69 19
69 20
69 21
69 44
69 45
69 46
69 47
69 48
69 49
69 50
69 51
69 52
69 53
69 54
69 55
69 56
69 57
69 58
69 59
69 60
69 61
69 62
73 47
73 48
73 49
74 15
74 16
74 17
74 18
74 19
74 20
74 21
74 22
74 46
74 47
74 48
74 49
74 50
74 51
75 13
75 14
75 15
75 16
75 17
75 18
75 19
75 20
75 21
75 22
75 23
75 24
75 46
75 47
75 48
75 49
75 50
75 51
75 52
75 53
76 11
76 12
76 13
76 14
76 15
76 16
76 17
76 18
76 19
76 20
76 21
76 22
76 23
76 24
76 25
76 26
76 47
76 48
76 49
76 50
76 51
76 52
76 53
76 54
77 10
77 11
77 12
77 13
77 14
77 15
77 16
77 17
77 18
77 19
77 20
77 21
77 22
77 23
77 24
77 25
77 26
77 27
77 49
77 50
77 51
77 52
77 53
77 54
77 55
78 9
78 10
78 11
78 12
78 13
78 14
78 22
78 23
78 24
78 25
78 26
78 27
78 28
78 29
78 51
78 52
78 53
78 54
78 55
78 56
79 9
79 10
79 11
79 12
79 13
79 24
79 25
79 26
79 27
79 28
79 29
79 30
79 53
79 54
79 55
79 56
79 57
80 8
80 9
80 10
80 11
80 12
80 25
80 26
80 27
80 28
80 29
80 30
80 31
80 54
80 55
80 56
80 57
80 58
81 7
81 8
81 9
81 10
81 11
81 27
81 28
81 29
81 30
81 31
81 32
81 55
81 56
81 57
81 58
81 59
82 7
82 8
82 9
82 10
82 28
82 29
82 30
82 31
82 32
82 33
82 56
82 57
82 58
82 59
82 60
83 6
83 7
83 8
83 9
83 10
83 29
83 30
83 31
83 32
83 33
83 34
83 56
83 57
83 58
83 59
83 60
84 6
84 7
84 8
84 9
84 30
84 31
84 32
84 33
84 34
84 35
84 57
84 58
84 59
84 60
84 61
85 6
85 7
85 8
85 9
85 31
85 32
85 33
85 34
85 35
85 36
85 58
85 59
85 60
85 61
86 6
86 7
86 8
86 9
86 32
86 33
86 34
86 35
86 36
86 58
86 59
86 60
86 61
86 62
87 6
87 7
87 8
87 9
87 33
87 34
87 35
87 36
87 37
87 59
87 60
87 61
87 62
88 6
88 7
88 8
88 9
88 34
88 35
88 36
88 37
88 38
88 59
88 60
88 61
88 62
89 6
89 7
89 8
89 9
89 35
89 36
89 37
89 38
89 39
89 59
89 60
89 61
89 62
89 63
90 6
90 7
90 8
90 9
90 36
90 37
90 38
90 39
90 40
90 60
90 61
90 62
90 63
91 6
91 7
91 8
91 9
91 37
91 38
91 39
91 40
91 41
91 60
91 61
91 62
91 63
92 6
92 7
92 8
92 9
92 10
92 37
92 38
92 39
92 40
92 41
92 42
92 60
92 61
92 62
92 63
93 7
93 8
93 9
93 10
93 11
93 39
93 40
93 41
93 42
93 43
93 44
93 60
93 61
93 62
93 63
94 7
94 8
94 9
94 10
94 11
94 12
94 40
94 41
94 42
94 43
94 44
94 45
94 60
94 61
94 62
94 63
95 8
95 9
95 10
95 11
95 12
95 13
95 14
95 41
95 42
95 43
95 44
95 45
95 46
95 59
95 60
95 61
95 62
95 63
96 9
96 10
96 11
96 12
96 13
96 14
96 15
96 16
96 17
96 18
96 19
96 42
96 43
96 44
96 45
96 46
96 47
96 48
96 59
96 60
96 61
96 62
97 10
97 11
97 12
97 13
97 14
97 15
97 16
97 17
97 18
97 19
97 20
97 21
97 22
97 23
97 43
97 44
97 45
97 46
97 47
97 48
97 49
97 50
97 57
97 58
97 59
97 60
97 61
97 62
98 12
98 13
98 14
98 15
98 16
98 17
98 18
98 19
98 20
98 21
98 22
98 23
98 44
98 45
98 46
98 47
98 48
98 49
98 50
98 51
98 52
98 53
98 54
98 55
98 56
98 57
98 58
98 59
98 60
98 61
99 15
99 16
99 17
99 18
99 19
99 20
99 21
99 22
99 23
99 46
99 47
99 48
99 49
99 50
99 51
99 52
99 53
99 54
99 55
99 56
99 57
99 58
99 59
99 60
99 61
100 20
100 21
100 22
100 48
100 49
100 50
100 51
100 52
100 53
100 54
100 55
100 56
100 57
100 58
100 59
101 50
101 51
101 52
101 53
101 54
101 55
101 56
101 57
102 10
102 11
103 9
103 10
103 11
103 12
104 9
104 10
104 11
104 12
105 9
105 10
105 11
105 12
106 9
106 10
106 11
107 9
107 10
107 11
108 9
108 10
108 11
109 8
109 9
109 10
109 11
110 8
110 9
110 10
110 11
111 8
111 9
111 10
111 11
112 8
112 9
112 10
112 11
113 8
113 9
113 10
113 11
114 8
114 9
114 10
114 11
115 8
115 9
115 10
115 11
115 12
115 13
115 14
115 15
115 16
115 17
115 18
115 19
115 20
115 21
115 22
115 23
115 24
115 25
115 26
115 27
115 28
115 29
115 30
115 31
115 32
115 33
115 34
115 35
115 36
115 37
115 38
115 39
115 40
115 41
115 42
115 43
115 44
115 45
115 46
115 47
115 48
115 49
115 50
115 51
115 52
115 53
115 54
115 55
115 56
115 57
115 58
115 59
116 8
116 9
116 10
116 11
116 12
116 13
116 14
116 15
116 16
116 17
116 18
116 19
116 20
116 21
116 22
116 23
116 24
116 25
116 26
116 27
116 28
116 29
116 30
116 31
116 32
116 33
116 34
116 35
116 36
116 37
116 38
116 39
116 40
116 41
116 42
116 43
116 44
116 45
116 46
116 47
116 48
116 49
116 50
116 51
116 52
116 53
116 54
116 55
116 56
116 57
116 58
116 59
116 60
116 61
116 62
116 63
116 64
117 8
117 9
117 10
117 11
117 12
117 13
117 14
117 15
117 16
117 17
117 18
117 19
117 20
117 21
117 22
117 23
117 24
117 25
117 26
117 27
117 28
117 29
117 30
117 31
117 32
117 33
117 34
117 35
117 36
117 37
117 38
117 39
117 40
117 41
117 42
117 43
117 44
117 45
117 46
117 47
117 48
117 49
117 50
117 51
117 52
117 53
117 54
117 55
117 56
117 57
117 58
117 59
117 60
117 61
117 62
117 63
117 64
118 8
118 9
118 10
118 11
118 12
118 13
118 14
118 15
118 16
118 17
118 18
118 19
118 20
118 21
118 22
118 23
118 24
118 25
118 26
118 27
118 28
118 29
118 30
118 31
118 32
118 33
118 34
118 35
118 36
118 37
118 38
118 39
118 40
118 41
118 42
118 43
118 44
118 45
118 46
118 47
118 48
118 49
118 50
118 51
118 52
118 53
118 54
118 55
118 56
118 57
118 58
118 59
118 60
118 61
118 62
118 63
118 64
119 8
119 9
119 10
119 61
119 62
119 63
120 8
120 9
120 10
121 8
121 9
121 10
122 8
122 9
122 10
123 8
123 9
123 10
124 8
124 9
124 10
125 8
125 9
125 10
126 8
126 9
126 10
127 7
127 8
127 9
127 10
128 7
128 8
128 9
128 10
129 7
129 8
129 9
129 10
130 7
130 8
130 9
130 10
131 7
131 8
131 9
131 10
132 7
132 8
132 9
132 10
133 8
133 9
133 10
136 34
136 35
136 36
136 37
137 34
137 35
137 36
137 37
138 33
138 34
138 35
138 36
138 37
139 33
139 34
139 35
139 36
139 37
139 38
140 32
140 33
140 34
140 35
140 36
140 37
140 38
141 31
141 32
141 33
141 34
141 35
141 36
141 37
141 38
141 52
141 53
141 54
141 55
141 56
141 57
142 11
142 12
142 13
142 14
142 15
142 16
142 17
142 18
142 30
142 31
142 32
142 33
142 34
142 35
142 36
142 37
142 38
142 39
142 47
142 48
142 49
142 50
142 51
142 52
142 53
142 54
142 55
142 56
142 57
142 58
142 59
142 60
142 61
143 8
143 9
143 10
143 11
143 12
143 13
143 14
143 15
143 16
143 17
143 18
143 19
143 20
143 21
143 22
143 23
143 28
143 29
143 30
143 31
143 32
143 33
143 34
143 36
143 37
143 38
143 39
143 40
143 44
143 45
143 46
143 47
143 48
143 49
143 50
143 51
143 52
143 53
143 54
143 55
143 56
143 57
143 58
143 59
143 60
143 61
143 62
143 63
144 7
144 8
144 9
144 10
144 11
144 12
144 13
144 14
144 15
144 16
144 17
144 18
144 19
144 20
144 21
144 22
144 23
144 24
144 25
144 26
144 27
144 28
144 29
144 30
144 31
144 32
144 33
144 36
144 37
144 38
144 39
144 40
144 41
144 42
144 43
144 44
144 45
144 46
144 47
144 48
144 49
144 50
144 51
144 52
144 53
144 54
144 55
144 56
144 57
144 58
144 59
144 60
144 61
144 62
144 63
144 64
145 6
145 7
145 8
145 9
145 10
145 11
145 12
145 13
145 14
145 15
145 16
145 17
145 18
145 19
145 20
145 21
145 22
145 23
145 24
145 25
145 26
145 27
145 28
145 29
145 30
145 31
145 32
145 37
145 38
145 39
145 40
145 41
145 42
145 43
145 44
145 45
145 46
145 47
145 48
145 49
145 50
145 51
145 58
145 59
145 60
145 61
145 62
145 63
145 64
145 65
146 5
146 6
146 7
146 8
146 9
146 10
146 11
146 19
146 20
146 21
146 22
146 23
146 24
146 25
146 26
146 27
146 28
146 29
146 30
146 38
146 39
146 40
146 41
146 42
146 43
146 44
146 45
146 46
146 61
146 62
146 63
146 64
146 65
146 66
147 4
147 5
147 6
147 7
147 8
147 9
147 41
147 42
147 43
147 62
147 63
147 64
147 65
147 66
147 67
148 4
148 5
148 6
148 7
148 8
148 63
148 64
148 65
148 66
148 67
149 3
149 4
149 5
149 6
149 7
149 64
149 65
149 66
149 67
149 68
150 2
150 3
150 4
150 5
150 6
150 65
150 66
150 67
150 68
151 2
151 3
151 4
151 5
151 65
151 66
151 67
151 68
152 2
152 3
152 4
152 5
152 65
152 66
152 67
152 68
153 1
153 2
153 3
153 4
153 66
153 67
153 68
154 1
154 2
154 3
154 4
154 66
154 67
154 68
155 1
155 2
155 3
155 4
155 66
155 67
155 68
156 1
156 2
156 3
156 4
156 65
156 66
156 67
156 68
157 1
157 2
157 3
157 65
157 66
157 67
157 68
158 65
158 66
158 67
158 68
159 65
159 66
159 67
159 68
160 65
160 66
160 67
161 42
161 43
161 44
161 45
161 46
161 47
161 48
161 49
161 50
161 51
161 52
161 53
162 37
162 38
162 39
162 40
162 41
162 42
162 43
162 44
162 45
162 46
162 47
162 48
162 49
162 50
162 51
162 52
162 53
162 54
162 55
162 56
163 34
163 35
163 36
163 37
163 38
163 39
163 40
163 41
163 42
163 43
163 44
163 45
163 46
163 47
163 48
163 49
163 50
163 51
163 52
163 53
163 54
163 55
163 56
163 57
163 58
164 32
164 33
164 34
164 35
164 36
164 37
164 38
164 39
164 40
164 41
164 42
164 43
164 44
164 45
164 46
164 47
164 48
164 49
164 50
164 51
164 52
164 53
164 54
164 55
164 56
164 57
164 58
164 59
165 30
165 31
165 32
165 33
165 34
165 35
165 36
165 37
165 38
165 39
165 40
165 41
165 54
165 55
165 56
165 57
165 58
165 59
165 60
166 28
166 29
166 30
166 31
166 32
166 33
166 34
166 35
166 36
166 37
166 56
166 57
166 58
166 59
166 60
166 61
167 27
167 28
167 29
167 30
167 31
167 32
167 33
167 34
167 57
167 58
167 59
167 60
167 61
168 26
168 27
168 28
168 29
168 30
168 31
168 32
168 58
168 59
168 60
168 61
168 62
169 25
169 26
169 27
169 28
169 29
169 30
169 59
169 60
169 61
169 62
170 24
170 25
170 26
170 27
170 28
170 29
170 59
170 60
170 61
170 62
171 23
171 24
171 25
171 26
171 27
171 60
171 61
171 62
172 23
172 24
172 25
172 26
172 27
172 59
172 60
172 61
172 62
173 23
173 24
173 25
173 26
173 59
173 60
173 61
173 62
174 23
174 24
174 25
174 26
174 59
174 60
174 61
174 62
175 23
175 24
175 25
175 26
175 58
175 59
175 60
175 61
175 62
176 23
176 24
176 25
176 26
176 27
176 28
176 57
176 58
176 59
176 60
176 61
177 23
177 24
177 25
177 26
177 27
177 28
177 29
177 30
177 31
177 32
177 56
177 57
177 58
177 59
177 60
178 24
178 25
178 26
178 27
178 28
178 29
178 30
178 31
178 32
178 33
178 34
178 35
178 55
178 56
178 57
178 58
178 59
178 60
179 26
179 27
179 28
179 29
179 30
179 31
179 32
179 33
179 34
179 35
179 54
179 55
179 56
179 57
179 58
179 59
180 28
180 29
180 30
180 31
180 32
180 33
180 34
180 35
180 52
180 53
180 54
180 55
180 56
180 57
180 58
181 51
181 52
181 53
181 54
181 55
181 56
181 57
182 50
182 51
182 52
182 53
182 54
182 55
182 56
183 48
183 49
183 50
183 51
183 52
183 53
183 54
184 47
184 48
184 49
184 50
184 51
184 52
184 53
185 47
185 48
185 49
185 50
185 51
186 47
186 48
186 49
186 50
189 41
189 42
189 43
189 44
189 45
189 46
189 47
189 48
189 49
189 50
189 51
190 37
190 38
190 39
190 40
190 41
190 42
190 43
190 44
190 45
190 46
190 47
190 48
190 49
190 50
190 51
190 52
190 53
190 54
190 55
191 34
191 35
191 36
191 37
191 38
191 39
191 40
191 41
191 42
191 43
191 44
191 45
191 46
191 47
191 48
191 49
191 50
191 51
191 52
191 53
191 54
191 55
191 56
191 57
192 32
192 33
192 34
192 35
192 36
192 37
192 38
192 39
192 40
192 41
192 42
192 43
192 44
192 45
192 46
192 47
192 48
192 49
192 50
192 51
192 52
192 53
192 54
192 55
192 56
192 57
192 58
193 30
193 31
193 32
193 33
193 34
193 35
193 36
193 37
193 38
193 39
193 40
193 52
193 53
193 54
193 55
193 56
193 57
193 58
193 59
194 28
194 29
194 30
194 31
194 32
194 33
194 34
194 35
194 36
194 55
194 56
194 57
194 58
194 59
194 60
195 27
195 28
195 29
195 30
195 31
195 32
195 33
195 34
195 56
195 57
195 58
195 59
195 60
195 61
196 26
196 27
196 28
196 29
196 30
196 31
196 32
196 58
196 59
196 60
196 61
197 25
197 26
197 27
197 28
197 29
197 30
197 58
197 59
197 60
197 61
197 62
198 24
198 25
198 26
198 27
198 28
198 29
198 59
198 60
198 61
198 62
199 23
199 24
199 25
199 26
199 27
199 28
199 59
199 60
199 61
199 62
200 23
200 24
200 25
200 26
200 27
200 59
200 60
200 61
200 62
201 23
201 24
201 25
201 26
201 59
201 60
201 61
201 62
202 23
202 24
202 25
202 26
202 27
202 59
202 60
202 61
202 62
203 24
203 25
203 26
203 27
203 59
203 60
203 61
203 62
204 24
204 25
204 26
204 27
204 58
204 59
204 60
204 61
204 62
205 24
205 25
205 26
205 27
205 28
205 58
205 59
205 60
205 61
206 25
206 26
206 27
206 28
206 29
206 57
206 58
206 59
206 60
206 61
207 25
207 26
207 27
207 28
207 29
207 30
207 56
207 57
207 58
207 59
207 60
208 26
208 27
208 28
208 29
208 30
208 31
208 54
208 55
208 56
208 57
208 58
208 59
208 60
209 27
209 28
209 29
209 30
209 31
209 32
209 53
209 54
209 55
209 56
209 57
209 58
209 59
210 28
210 29
210 30
210 31
210 32
210 33
210 34
210 51
210 52
210 53
210 54
210 55
210 56
210 57
210 58
211 29
211 30
211 31
211 32
211 33
211 34
211 35
211 36
211 48
211 49
211 50
211 51
211 52
211 53
211 54
211 55
211 56
212 30
212 31
212 32
212 33
212 34
212 35
212 36
212 37
212 38
212 39
212 40
212 41
212 42
212 43
212 44
212 45
212 46
212 47
212 48
212 49
212 50
212 51
212 52
212 53
212 54
212 55
213 32
213 33
213 34
213 35
213 36
213 37
213 38
213 39
213 40
213 41
213 42
213 43
213 44
213 45
213 46
213 47
213 48
213 49
213 50
213 51
213 52
213 53
214 34
214 35
214 36
214 37
214 38
214 39
214 40
214 41
214 42
214 43
214 44
214 45
214 46
214 47
214 48
214 49
214 50
214 51
215 37
215 38
215 39
215 40
215 41
215 42
215 43
215 44
215 45
215 46
215 47
218 36
218 37
218 38
218 39
218 40
218 41
218 42
218 43
218 44
218 45
218 46
218 47
218 48
219 33
219 34
219 35
219 36
219 37
219 38
219 39
219 40
219 41
219 42
219 43
219 44
219 45
219 46
219 47
219 48
219 49
219 50
219 51
220 31
220 32
220 33
220 34
220 35
220 36
220 37
220 38
220 39
220 40
220 41
220 42
220 43
220 44
220 45
220 46
220 47
220 48
220 49
220 50
220 51
220 52
220 53
221 29
221 30
221 31
221 32
221 33
221 34
221 35
221 36
221 37
221 38
221 39
221 40
221 41
221 42
221 43
221 44
221 45
221 46
221 47
221 48
221 49
221 50
221 51
221 52
221 53
221 54
222 28
222 29
222 30
222 31
222 32
222 33
222 34
222 35
222 36
222 49
222 50
222 51
222 52
222 53
222 54
222 55
222 56
223 27
223 28
223 29
223 30
223 31
223 32
223 33
223 51
223 52
223 53
223 54
223 55
223 56
223 57
224 26
224 27
224 28
224 29
224 30
224 31
224 53
224 54
224 55
224 56
224 57
224 58
225 26
225 27
225 28
225 29
225 30
225 54
225 55
225 56
225 57
225 58
225 59
226 25
226 26
226 27
226 28
226 29
226 55
226 56
226 57
226 58
226 59
227 25
227 26
227 27
227 28
227 56
227 57
227 58
227 59
227 60
228 25
228 26
228 27
228 28
228 57
228 58
228 59
228 60
229 25
229 26
229 27
229 28
229 57
229 58
229 59
229 60
229 61
230 25
230 26
230 27
230 28
230 58
230 59
230 60
230 61
231 25
231 26
231 27
231 28
231 29
231 58
231 59
231 60
231 61
232 26
232 27
232 28
232 29
232 30
232 59
232 60
232 61
232 62
233 26
233 27
233 28
233 29
233 30
233 31
233 59
233 60
233 61
233 62
234 27
234 28
234 29
234 30
234 31
234 32
234 33
234 59
234 60
234 61
234 62
235 28
235 29
235 30
235 31
235 32
235 33
235 34
235 35
235 36
235 59
235 60
235 61
235 62
236 29
236 30
236 31
236 32
236 33
236 34
236 35
236 36
236 37
236 38
236 39
236 59
236 60
236 61
236 62
237 31
237 32
237 33
237 34
237 35
237 36
237 37
237 38
237 39
237 40
237 41
237 42
237 43
237 59
237 60
237 61
237 62
238 33
238 34
238 35
238 36
238 37
238 38
238 39
238 40
238 41
238 42
238 43
238 44
238 45
238 46
238 47
238 59
238 60
238 61
238 62
239 9
239 10
239 11
239 12
239 13
239 14
239 15
239 16
239 17
239 18
239 19
239 20
239 21
239 22
239 23
239 24
239 25
239 26
239 27
239 28
239 29
239 30
239 31
239 32
239 33
239 34
239 35
239 36
239 37
239 38
239 39
239 40
239 41
239 42
239 43
239 44
239 45
239 46
239 47
239 48
239 49
239 50
239 51
239 52
239 53
239 59
239 60
239 61
239 62
240 9
240 10
240 11
240 12
240 13
240 14
240 15
240 16
240 17
240 18
240 19
240 20
240 21
240 22
240 23
240 24
240 25
240 26
240 27
240 28
240 29
240 30
240 31
240 32
240 33
240 34
240 35
240 36
240 37
240 38
240 39
240 40
240 41
240 42
240 43
240 44
240 45
240 46
240 47
240 48
240 49
240 50
240 51
240 52
240 53
240 54
240 55
240 56
240 57
240 58
240 59
240 60
240 61
240 62
241 9
241 10
241 11
241 12
241 13
241 14
241 15
241 16
241 17
241 18
241 19
241 20
241 21
241 22
241 23
241 24
241 25
241 26
241 27
241 28
241 29
241 30
241 31
241 32
241 33
241 34
241 35
241 36
241 37
241 38
241 39
241 40
241 41
241 42
241 43
241 44
241 45
241 46
241 47
241 48
241 49
241 50
241 51
241 52
241 53
241 54
241 55
241 56
241 57
241 58
241 59
241 60
241 61
241 62
242 9
242 10
242 11
242 12
242 13
242 14
242 15
242 16
242 17
242 18
242 19
242 20
242 21
242 22
242 23
242 24
242 25
242 26
242 27
242 28
242 29
242 30
242 31
242 32
242 33
242 34
242 35
242 36
242 37
242 38
242 39
242 40
242 41
242 42
242 43
242 44
242 45
242 46
242 47
242 48
242 49
242 50
242 51
242 52
242 53
242 54
242 55
242 56
242 57
242 58
242 59
242 60
242 61
242 62
243 43
243 44
243 45
243 46
243 47
243 48
243 49
243 50
243 51
243 52
243 53
243 54
243 55
243 56
243 57
243 58
243 59
243 60
243 61
243 62
244 59
244 60
244 61
244 62
246 13
246 14
246 15
247 13
247 14
247 15
247 23
247 24
247 25
247 26
247 27
247 28
247 29
247 30
247 31
247 32
247 33
247 34
247 35
247 36
247 37
247 38
247 39
247 40
247 41
247 42
247 43
247 44
247 45
247 46
247 47
247 48
247 49
247 50
247 51
247 52
247 53
247 54
247 55
247 56
248 13
248 14
248 15
248 23
248 24
248 25
248 26
248 27
248 28
248 29
248 30
248 31
248 32
248 33
248 34
248 35
248 36
248 37
248 38
248 39
248 40
248 41
248 42
248 43
248 44
248 45
248 46
248 47
248 48
248 49
248 50
248 51
248 52
248 53
248 54
248 55
248 56
248 57
248 58
248 59
248 60
248 61
248 62
249 13
249 14
249 15
249 23
249 24
249 25
249 26
249 27
249 28
249 29
249 30
249 31
249 32
249 33
249 34
249 35
249 36
249 37
249 38
249 39
249 40
249 41
249 42
249 43
249 44
249 45
249 46
249 47
249 48
249 49
249 50
249 51
249 52
249 53
249 54
249 55
249 56
249 57
249 58
249 59
249 60
249 61
249 62
249 63
250 24
250 25
250 26
250 27
250 28
250 29
250 30
250 31
250 32
250 33
250 34
250 35
250 36
250 37
250 38
250 39
250 40
250 41
250 42
250 43
250 44
250 45
250 46
250 47
250 48
250 49
250 50
250 51
250 52
250 53
250 54
250 55
250 56
250 57
250 58
250 59
250 60
250 61
250 62
250 63
251 58
251 59
251 60
251 61
251 62
254 26
254 27
254 28
254 29
254 30
254 31
254 32
254 33
254 34
254 35
254 36
254 37
254 38
254 39
254 40
254 41
254 42
254 43
254 44
254 45
254 46
254 47
254 48
254 49
254 50
254 51
254 52
254 53
254 54
254 55
254 56
254 57
254 58
254 59
254 60
254 61
254 62
255 26
255 27
255 28
255 29
255 30
255 31
255 32
255 33
255 34
255 35
255 36
255 37
255 38
255 39
255 40
255 41
255 42
255 43
255 44
255 45
255 46
255 47
255 48
255 49
255 50
255 51
255 52
255 53
255 54
255 55
255 56
255 57
255 58
255 59
255 60
255 61
255 62
255 63
256 26
256 27
256 28
256 29
256 30
256 31
256 32
256 33
256 34
256 35
256 36
256 37
256 38
256 39
256 40
256 41
256 42
256 43
256 44
256 45
256 46
256 47
256 48
256 49
256 50
256 51
256 52
256 53
256 54
256 55
256 56
256 57
256 58
256 59
256 60
256 61
256 62
256 63
257 27
257 28
257 29
257 30
257 31
257 32
257 33
257 34
257 35
257 36
257 37
257 38
257 39
257 40
257 41
257 42
257 43
257 44
257 45
257 46
257 47
257 48
257 49
257 50
257 51
257 52
257 53
257 54
257 55
257 56
257 57
257 58
257 59
257 60
257 61
257 62
258 37
258 38
258 39
258 40
258 41
258 42
258 43
258 44
258 45
258 46
258 47
258 48
258 49
258 50
258 51
258 52
258 53
258 54
259 35
259 36
259 37
259 38
259 39
259 40
259 41
259 42
259 43
259 44
259 45
259 46
260 33
260 34
260 35
260 36
260 37
260 38
260 39
260 40
260 41
260 42
261 31
261 32
261 33
261 34
261 35
261 36
261 37
261 38
261 39
262 29
262 30
262 31
262 32
262 33
262 34
262 35
262 36
262 37
263 28
263 29
263 30
263 31
263 32
263 33
263 34
263 35
264 27
264 28
264 29
264 30
264 31
264 32
264 33
265 26
265 27
265 28
265 29
265 30
265 31
266 25
266 26
266 27
266 28
266 29
266 30
267 24
267 25
267 26
267 27
267 28
267 29
268 24
268 25
268 26
268 27
268 28
269 23
269 24
269 25
269 26
269 27
270 23
270 24
270 25
270 26
271 23
271 24
271 25
271 26
272 23
272 24
272 25
272 26
272 27
273 24
273 25
273 26
273 27
273 28
274 24
274 25
274 26
274 27
274 28
274 29
275 25
275 26
275 27
275 28
275 29
275 30
275 31
276 26
276 27
276 28
276 29
276 30
276 31
276 32
276 33
276 34
276 35
276 36
277 27
277 28
277 29
277 30
277 31
277 32
277 33
277 34
277 35
277 36
277 37
277 38
277 39
277 40
277 41
277 42
277 43
277 44
277 45
277 46
277 47
277 48
277 49
277 50
277 51
277 52
277 53
277 54
277 55
277 56
277 57
277 58
277 59
277 60
277 61
277 62
278 29
278 30
278 31
278 32
278 33
278 34
278 35
278 36
278 37
278 38
278 39
278 40
278 41
278 42
278 43
278 44
278 45
278 46
278 47
278 48
278 49
278 50
278 51
278 52
278 53
278 54
278 55
278 56
278 57
278 58
278 59
278 60
278 61
278 62
279 32
279 33
279 34
279 35
279 36
279 37
279 38
279 39
279 40
279 41
279 42
279 43
279 44
279 45
279 46
279 47
279 48
279 49
279 50
279 51
279 52
279 53
279 54
279 55
279 56
279 57
279 58
279 59
279 60
279 61
279 62
280 37
280 38
280 39
280 40
280 41
280 42
280 43
280 44
280 45
280 46
280 47
280 48
280 49
280 50
280 51
280 52
280 53
280 54
280 55
280 56
280 57
280 58
280 59
280 60
280 61
280 62
283 48
283 49
283 50
283 51
283 52
283 53
283 54
283 55
284 44
284 45
284 46
284 47
284 48
284 49
284 50
284 51
284 52
284 53
284 54
284 55
284 56
284 57
285 42
285 43
285 44
285 45
285 46
285 47
285 48
285 49
285 50
285 51
285 52
285 53
285 54
285 55
285 56
285 57
285 58
286 40
286 41
286 42
286 43
286 44
286 45
286 46
286 47
286 48
286 49
286 50
286 51
286 52
286 53
286 54
286 55
286 56
286 57
286 58
286 59
287 38
287 39
287 40
287 41
287 42
287 43
287 44
287 45
287 46
287 47
287 55
287 56
287 57
287 58
287 59
287 70
287 71
287 72
287 73
287 74
288 36
288 37
288 38
288 39
288 40
288 41
288 42
288 43
288 44
288 56
288 57
288 58
288 59
288 70
288 71
288 72
288 73
288 74
288 75
289 35
289 36
289 37
289 38
289 39
289 40
289 41
289 42
289 56
289 57
289 58
289 59
289 70
289 71
289 72
289 73
289 74
289 75
289 76
290 33
290 34
290 35
290 36
290 37
290 38
290 39
290 40
290 56
290 57
290 58
290 59
290 72
290 73
290 74
290 75
290 76
290 77
291 32
291 33
291 34
291 35
291 36
291 37
291 38
291 56
291 57
291 58
291 59
291 74
291 75
291 76
291 77
292 31
292 32
292 33
292 34
292 35
292 36
292 37
292 55
292 56
292 57
292 58
292 59
292 74
292 75
292 76
292 77
292 78
293 30
293 31
293 32
293 33
293 34
293 35
293 54
293 55
293 56
293 57
293 58
293 75
293 76
293 77
293 78
294 29
294 30
294 31
294 32
294 33
294 34
294 53
294 54
294 55
294 56
294 57
294 75
294 76
294 77
294 78
295 28
295 29
295 30
295 31
295 32
295 33
295 52
295 53
295 54
295 55
295 56
295 57
295 75
295 76
295 77
295 78
296 27
296 28
296 29
296 30
296 31
296 32
296 51
296 52
296 53
296 54
296 55
296 56
296 75
296 76
296 77
296 78
297 27
297 28
297 29
297 30
297 31
297 50
297 51
297 52
297 53
297 54
297 55
297 75
297 76
297 77
297 78
298 26
298 27
298 28
298 29
298 30
298 49
298 50
298 51
298 52
298 53
298 54
298 75
298 76
298 77
298 78
299 26
299 27
299 28
299 29
299 47
299 48
299 49
299 50
299 51
299 52
299 53
299 74
299 75
299 76
299 77
300 25
300 26
300 27
300 28
300 29
300 46
300 47
300 48
300 49
300 50
300 51
300 52
300 74
300 75
300 76
300 77
301 25
301 26
301 27
301 28
301 44
301 45
301 46
301 47
301 48
301 49
301 50
301 73
301 74
301 75
301 76
301 77
302 25
302 26
302 27
302 28
302 43
302 44
302 45
302 46
302 47
302 48
302 49
302 72
302 73
302 74
302 75
302 76
303 25
303 26
303 27
303 28
303 40
303 41
303 42
303 43
303 44
303 45
303 46
303 47
303 48
303 72
303 73
303 74
303 75
303 76
304 25
304 26
304 27
304 28
304 37
304 38
304 39
304 40
304 41
304 42
304 43
304 44
304 45
304 46
304 71
304 72
304 73
304 74
304 75
305 25
305 26
305 27
305 28
305 29
305 34
305 35
305 36
305 37
305 38
305 39
305 40
305 41
305 42
305 43
305 44
305 45
305 69
305 70
305 71
305 72
305 73
305 74
306 26
306 27
306 28
306 29
306 33
306 34
306 35
306 36
306 37
306 38
306 39
306 40
306 41
306 42
306 68
306 69
306 70
306 71
306 72
306 73
307 26
307 27
307 28
307 29
307 33
307 34
307 35
307 36
307 37
307 38
307 39
307 40
307 41
307 42
307 43
307 65
307 66
307 67
307 68
307 69
307 70
307 71
307 72
308 27
308 28
308 29
308 33
308 34
308 35
308 36
308 37
308 38
308 39
308 40
308 41
308 42
308 43
308 44
308 45
308 46
308 47
308 48
308 49
308 50
308 51
308 52
308 53
308 60
308 61
308 62
308 63
308 64
308 65
308 66
308 67
308 68
308 69
308 70
308 71
309 33
309 34
309 35
309 36
309 37
309 38
309 39
309 40
309 41
309 42
309 43
309 44
309 45
309 46
309 47
309 48
309 49
309 50
309 51
309 52
309 53
309 54
309 55
309 56
309 57
309 58
309 59
309 60
309 61
309 62
309 63
309 64
309 65
309 66
309 67
309 68
309 69
309 70
310 38
310 39
310 40
310 41
310 42
310 43
310 44
310 45
310 46
310 47
310 48
310 49
310 50
310 51
310 52
310 53
310 54
310 55
310 56
310 57
310 58
310 59
310 60
310 61
310 62
310 63
310 64
310 65
310 66
310 67
310 68
311 45
311 46
311 47
311 48
311 49
311 50
311 51
311 52
311 53
311 54
311 55
311 56
311 57
311 58
311 59
311 60
311 61
311 62
311 63
311 64
311 65
316 73
316 74
316 75
317 73
317 74
317 75
318 72
318 73
318 74
318 75
319 72
319 73
319 74
319 75
320 72
320 73
320 74
320 75
321 72
321 73
321 74
321 75
322 72
322 73
322 74
323 71
323 72
323 73
323 74
324 71
324 72
324 73
324 74
325 71
325 72
325 73
325 74
326 71
326 72
326 73
326 74
327 71
327 72
327 73
327 74
328 71
328 72
328 73
328 74
329 70
329 71
329 72
329 73
330 70
330 71
330 72
330 73
331 70
331 71
331 72
331 73
332 70
332 71
332 72
332 73
333 70
333 71
333 72
333 73
334 70
334 71
334 72
334 73
335 70
335 71
335 72
335 73
336 70
336 71
336 72
336 73
337 70
337 71
337 72
337 73
338 70
338 71
338 72
338 73
339 70
339 71
339 72
339 73
340 70
340 71
340 72
340 73
341 70
341 71
341 72
341 73
342 70
342 71
342 72
342 73
343 70
343 71
343 72
343 73
344 70
344 71
344 72
344 73
345 70
345 71
345 72
345 73
346 70
346 71
346 72
347 70
347 71
347 72
350 14
350 15
351 13
351 14
351 15
351 24
351 25
351 26
351 27
351 28
351 29
351 30
351 31
351 32
351 33
351 34
351 35
351 36
351 37
351 38
351 39
351 40
351 41
351 42
351 43
351 44
351 45
351 46
351 47
351 48
351 49
351 50
351 51
352 13
352 14
352 15
352 23
352 24
352 25
352 26
352 27
352 28
352 29
352 30
352 31
352 32
352 33
352 34
352 35
352 36
352 37
352 38
352 39
352 40
352 41
352 42
352 43
352 44
352 45
352 46
352 47
352 48
352 49
352 50
352 51
352 52
352 53
352 54
352 55
352 56
352 57
352 58
352 59
352 60
352 61
352 62
353 13
353 14
353 15
353 23
353 24
353 25
353 26
353 27
353 28
353 29
353 30
353 31
353 32
353 33
353 34
353 35
353 36
353 37
353 38
353 39
353 40
353 41
353 42
353 43
353 44
353 45
353 46
353 47
353 48
353 49
353 50
353 51
353 52
353 53
353 54
353 55
353 56
353 57
353 58
353 59
353 60
353 61
353 62
353 63
354 23
354 24
354 25
354 26
354 27
354 28
354 29
354 30
354 31
354 32
354 33
354 34
354 35
354 36
354 37
354 38
354 39
354 40
354 41
354 42
354 43
354 44
354 45
354 46
354 47
354 48
354 49
354 50
354 51
354 52
354 53
354 54
354 55
354 56
354 57
354 58
354 59
354 60
354 61
354 62
354 63
355 54
355 55
355 56
355 57
355 58
355 59
355 60
355 61
355 62
357 29
357 30
357 31
357 32
357 33
357 34
357 35
357 36
358 27
358 28
358 29
358 30
358 31
358 32
358 33
358 34
358 35
358 36
358 37
358 38
359 26
359 27
359 28
359 29
359 30
359 31
359 32
359 33
359 34
359 35
359 36
359 37
359 38
359 39
359 55
359 56
360 25
360 26
360 27
360 28
360 29
360 30
360 31
360 33
360 34
360 35
360 36
360 37
360 38
360 39
360 40
360 54
360 55
360 56
360 57
360 58
361 25
361 26
361 27
361 28
361 29
361 36
361 37
361 38
361 39
361 40
361 41
361 54
361 55
361 56
361 57
361 58
361 59
362 24
362 25
362 26
362 27
362 28
362 37
362 38
362 39
362 40
362 41
362 42
362 54
362 55
362 56
362 57
362 58
362 59
362 60
363 24
363 25
363 26
363 27
363 38
363 39
363 40
363 41
363 42
363 43
363 56
363 57
363 58
363 59
363 60
363 61
364 24
364 25
364 26
364 27
364 39
364 40
364 41
364 42
364 43
364 44
364 57
364 58
364 59
364 60
364 61
365 23
365 24
365 25
365 26
365 40
365 41
365 42
365 43
365 44
365 58
365 59
365 60
365 61
365 62
366 23
366 24
366 25
366 26
366 41
366 42
366 43
366 44
366 45
366 59
366 60
366 61
366 62
367 23
367 24
367 25
367 26
367 42
367 43
367 44
367 45
367 46
367 59
367 60
367 61
367 62
368 23
368 24
368 25
368 26
368 43
368 44
368 45
368 46
368 47
368 59
368 60
368 61
368 62
369 23
369 24
369 25
369 26
369 43
369 44
369 45
369 46
369 47
369 48
369 60
369 61
369 62
369 63
370 23
370 24
370 25
370 26
370 44
370 45
370 46
370 47
370 48
370 49
370 60
370 61
370 62
370 63
371 23
371 24
371 25
371 26
371 45
371 46
371 47
371 48
371 49
371 50
371 60
371 61
371 62
371 63
372 23
372 24
372 25
372 26
372 27
372 46
372 47
372 48
372 49
372 50
372 51
372 59
372 60
372 61
372 62
373 24
373 25
373 26
373 27
373 47
373 48
373 49
373 50
373 51
373 52
373 58
373 59
373 60
373 61
373 62
374 24
374 25
374 26
374 27
374 28
374 48
374 49
374 50
374 51
374 52
374 53
374 54
374 55
374 56
374 57
374 58
374 59
374 60
374 61
374 62
375 25
375 26
375 27
375 28
375 29
375 49
375 50
375 51
375 52
375 53
375 54
375 55
375 56
375 57
375 58
375 59
375 60
375 61
376 25
376 26
376 27
376 28
376 29
376 30
376 31
376 50
376 51
376 52
376 53
376 54
376 55
376 56
376 57
376 58
376 59
376 60
377 26
377 27
377 28
377 29
377 30
377 31
377 32
377 52
377 53
377 54
377 55
377 56
377 57
377 58
377 59
378 27
378 28
378 29
378 30
378 31
378 32
379 29
379 30
379 31
379 32
385 73
385 74
385 75
386 73
386 74
386 75
387 72
387 73
387 74
387 75
388 72
388 73
388 74
388 75
389 72
389 73
389 74
389 75
390 72
390 73
390 74
390 75
391 72
391 73
391 74
392 71
392 72
392 73
392 74
393 71
393 72
393 73
393 74
394 71
394 72
394 73
394 74
395 71
395 72
395 73
395 74
396 71
396 72
396 73
396 74
397 71
397 72
397 73
397 74
398 71
398 72
398 73
399 70
399 71
399 72
399 73
400 70
400 71
400 72
400 73
401 70
401 71
401 72
401 73
402 70
402 71
402 72
402 73
403 70
403 71
403 72
403 73
404 70
404 71
404 72
404 73
405 70
405 71
405 72
405 73
406 70
406 71
406 72
406 73
407 70
407 71
407 72
407 73
408 70
408 71
408 72
408 73
409 70
409 71
409 72
409 73
410 70
410 71
410 72
410 73
411 70
411 71
411 72
411 73
412 70
412 71
412 72
412 73
413 70
413 71
413 72
413 73
414 70
414 71
414 72
414 73
415 70
415 71
415 72
416 70
416 71
416 72
420 6
420 7
420 8
420 9
420 10
420 11
420 12
420 13
420 14
420 15
420 16
420 17
420 18
420 19
420 20
420 21
420 22
420 23
420 24
420 25
420 26
420 27
420 28
420 29
420 30
420 31
420 32
420 33
420 34
420 35
420 36
420 37
420 38
420 39
420 40
420 41
420 42
420 43
420 44
420 45
420 46
420 47
420 48
421 6
421 7
421 8
421 9
421 10
421 11
421 12
421 13
421 14
421 15
421 16
421 17
421 18
421 19
421 20
421 21
421 22
421 23
421 24
421 25
421 26
421 27
421 28
421 29
421 30
421 31
421 32
421 33
421 34
421 35
421 36
421 37
421 38
421 39
421 40
421 41
421 42
421 43
421 44
421 45
421 46
421 47
421 48
421 49
421 50
421 51
421 52
421 53
421 54
421 55
421 56
421 57
421 58
421 59
421 60
421 61
421 62
421 63
422 6
422 7
422 8
422 9
422 10
422 11
422 12
422 13
422 14
422 15
422 16
422 17
422 18
422 19
422 20
422 21
422 22
422 23
422 24
422 25
422 26
422 27
422 28
422 29
422 30
422 31
422 32
422 33
422 34
422 35
422 36
422 37
422 38
422 39
422 40
422 41
422 42
422 43
422 44
422 45
422 46
422 47
422 48
422 49
422 50
422 51
422 52
422 53
422 54
422 55
422 56
422 57
422 58
422 59
422 60
422 61
422 62
422 63
422 64
423 6
423 7
423 8
423 9
423 10
423 11
423 12
423 13
423 14
423 15
423 16
423 17
423 18
423 19
423 20
423 21
423 22
423 23
423 24
423 25
423 26
423 27
423 28
423 29
423 30
423 31
423 32
423 33
423 34
423 35
423 36
423 37
423 38
423 39
423 40
423 41
423 42
423 43
423 44
423 45
423 46
423 47
423 48
423 49
423 50
423 51
423 52
423 53
423 54
423 55
423 56
423 57
423 58
423 59
423 60
423 61
423 62
423 63
423 64
424 33
424 34
424 35
424 36
424 37
424 38
424 39
424 40
424 41
424 42
424 43
424 44
424 45
424 46
424 47
424 48
424 49
424 50
424 51
424 52
424 53
424 54
424 55
424 56
424 57
424 58
424 59
424 60
424 61
424 62
424 63
424 64
425 31
425 32
425 33
425 34
425 35
425 36
425 37
425 38
425 39
425 40
425 41
425 42
425 43
425 44
426 30
426 31
426 32
426 33
426 34
426 35
426 36
426 37
426 38
427 28
427 29
427 30
427 31
427 32
427 33
427 34
427 35
428 27
428 28
428 29
428 30
428 31
428 32
428 33
429 26
429 27
429 28
429 29
429 30
429 31
430 26
430 27
430 28
430 29
430 30
431 25
431 26
431 27
431 28
431 29
432 25
432 26
432 27
432 28
433 25
433 26
433 27
433 28
434 25
434 26
434 27
434 28
435 25
435 26
435 27
435 28
436 25
436 26
436 27
436 28
437 25
437 26
437 27
437 28
437 29
438 26
438 27
438 28
438 29
438 30
438 31
439 27
439 28
439 29
439 30
439 31
439 32
440 28
440 29
440 30
440 31
440 32
440 33
440 34
441 29
441 30
441 31
441 32
441 33
441 34
441 35
441 36
441 37
441 38
441 59
441 60
441 61
441 62
441 63
442 30
442 31
442 32
442 33
442 34
442 35
442 36
442 37
442 38
442 39
442 40
442 41
442 42
442 43
442 44
442 45
442 46
442 47
442 48
442 49
442 50
442 51
442 52
442 53
442 54
442 55
442 56
442 57
442 58
442 59
442 60
442 61
442 62
442 63
443 32
443 33
443 34
443 35
443 36
443 37
443 38
443 39
443 40
443 41
443 42
443 43
443 44
443 45
443 46
443 47
443 48
443 49
443 50
443 51
443 52
443 53
443 54
443 55
443 56
443 57
443 58
443 59
443 60
443 61
443 62
443 63
444 35
444 36
444 37
444 38
444 39
444 40
444 41
444 42
444 43
444 44
444 45
444 46
444 47
444 48
444 49
444 50
444 51
444 52
444 53
444 54
444 55
444 56
444 57
444 58
444 59
444 60
444 61
444 62
445 40
445 41
445 42
445 43
445 44
445 45
445 46
445 47
445 48
445 49
445 50
445 51
445 52
445 53
445 54
445 55
445 56
445 57
445 58
447 47
447 48
447 49
447 50
447 51
447 52
447 53
447 54
447 55
447 56
448 43
448 44
448 45
448 46
448 47
448 48
448 49
448 50
448 51
448 52
448 53
448 54
448 55
448 56
448 57
448 58
448 59
449 40
449 41
449 42
449 43
449 44
449 45
449 46
449 47
449 48
449 49
449 50
449 51
449 52
449 53
449 54
449 55
449 56
449 57
449 58
449 59
449 60
450 37
450 38
450 39
450 40
450 41
450 42
450 43
450 44
450 45
450 46
450 47
450 48
450 49
450 50
450 51
450 52
450 53
450 54
450 55
450 56
450 57
450 58
450 59
450 60
450 61
451 35
451 36
451 37
451 38
451 39
451 40
451 41
451 42
451 43
451 44
451 45
451 46
451 56
451 57
451 58
451 59
451 60
451 61
451 62
452 34
452 35
452 36
452 37
452 38
452 39
452 40
452 41
452 42
452 58
452 59
452 60
452 61
452 62
453 32
453 33
453 34
453 35
453 36
453 37
453 38
453 39
453 40
453 59
453 60
453 61
453 62
454 30
454 31
454 32
454 33
454 34
454 35
454 36
454 37
454 59
454 60
454 61
454 62
454 63
455 29
455 30
455 31
455 32
455 33
455 34
455 35
455 60
455 61
455 62
455 63
456 28
456 29
456 30
456 31
456 32
456 33
456 34
456 59
456 60
456 61
456 62
457 27
457 28
457 29
457 30
457 31
457 32
457 59
457 60
457 61
457 62
458 26
458 27
458 28
458 29
458 30
458 31
458 58
458 59
458 60
458 61
458 62
459 25
459 26
459 27
459 28
459 29
459 30
459 57
459 58
459 59
459 60
459 61
460 24
460 25
460 26
460 27
460 28
460 29
460 55
460 56
460 57
460 58
460 59
460 60
460 61
461 24
461 25
461 26
461 27
461 28
461 54
461 55
461 56
461 57
461 58
461 59
461 60
462 23
462 24
462 25
462 26
462 27
462 51
462 52
462 53
462 54
462 55
462 56
462 57
462 58
463 23
463 24
463 25
463 26
463 49
463 50
463 51
463 52
463 53
463 54
463 55
463 56
463 57
464 23
464 24
464 25
464 26
464 47
464 48
464 49
464 50
464 51
464 52
464 53
464 54
464 55
465 23
465 24
465 25
465 26
465 44
465 45
465 46
465 47
465 48
465 49
465 50
465 51
465 52
465 53
465 54
466 23
466 24
466 25
466 41
466 42
466 43
466 44
466 45
466 46
466 47
466 48
466 49
466 50
466 51
466 52
467 23
467 24
467 25
467 26
467 38
467 39
467 40
467 41
467 42
467 43
467 44
467 45
467 46
467 47
467 48
467 49
468 23
468 24
468 25
468 26
468 35
468 36
468 37
468 38
468 39
468 40
468 41
468 42
468 43
468 44
468 45
468 46
468 47
469 23
469 24
469 25
469 26
469 27
469 31
469 32
469 33
469 34
469 35
469 36
469 37
469 38
469 39
469 40
469 41
469 42
469 43
469 44
470 24
470 25
470 26
470 27
470 31
470 32
470 33
470 34
470 35
470 36
470 37
470 38
470 39
470 40
470 41
470 42
470 43
470 44
470 45
470 46
470 47
470 48
470 49
470 50
471 24
471 25
471 26
471 27
471 31
471 32
471 33
471 34
471 35
471 36
471 37
471 38
471 39
471 40
471 41
471 42
471 43
471 44
471 45
471 46
471 47
471 48
471 49
471 50
471 51
471 52
471 53
471 54
471 55
471 56
471 57
471 58
471 59
472 31
472 32
472 33
472 34
472 35
472 36
472 37
472 38
472 39
472 40
472 41
472 42
472 43
472 44
472 45
472 46
472 47
472 48
472 49
472 50
472 51
472 52
472 53
472 54
472 55
472 56
472 57
472 58
472 59
472 60
472 61
472 62
472 63
473 34
473 35
473 36
473 37
473 38
473 39
473 40
473 41
473 42
473 43
473 44
473 45
473 46
473 47
473 48
473 49
473 50
473 51
473 52
473 53
473 54
473 55
473 56
473 57
473 58
473 59
473 60
473 61
473 62
473 63
474 53
474 54
474 55
474 56
474 57
474 58
474 59
474 60
474 61
474 62
474 63
475 60
475 61
475 62
478 31
478 32
478 33
478 34
478 35
478 36
478 37
478 38
478 39
478 40
478 41
478 42
478 43
478 44
478 45
478 46
478 47
478 48
478 49
478 50
478 51
478 52
478 53
478 54
478 55
478 56
478 57
478 58
478 59
478 60
478 61
478 62
479 30
479 31
479 32
479 33
479 34
479 35
479 36
479 37
479 38
479 39
479 40
479 41
479 42
479 43
479 44
479 45
479 46
479 47
479 48
479 49
479 50
479 51
479 52
479 53
479 54
479 55
479 56
479 57
479 58
479 59
479 60
479 61
479 62
480 30
480 31
480 32
480 33
480 34
480 35
480 36
480 37
480 38
480 39
480 40
480 41
480 42
480 43
480 44
480 45
480 46
480 47
480 48
480 49
480 50
480 51
480 52
480 53
480 54
480 55
480 56
480 57
480 58
480 59
480 60
480 61
480 62
481 30
481 31
481 32
481 33
481 34
481 35
481 36
481 37
481 38
481 39
481 40
481 41
481 42
481 43
481 44
481 45
481 46
481 47
481 48
481 49
481 50
481 51
481 52
481 53
481 54
481 55
481 56
481 57
481 58
481 59
481 60
481 61
481 62
482 36
482 37
482 38
482 39
482 40
482 41
482 42
482 43
482 44
482 45
482 46
482 47
482 48
482 49
482 50
482 51
483 34
483 35
483 36
483 37
483 38
483 39
483 40
483 41
483 42
483 43
483 44
483 45
484 32
484 33
484 34
484 35
484 36
484 37
484 38
484 39
484 40
484 41
485 30
485 31
485 32
485 33
485 34
485 35
485 36
485 37
485 38
486 29
486 30
486 31
486 32
486 33
486 34
486 35
486 36
487 28
487 29
487 30
487 31
487 32
487 33
487 34
488 27
488 28
488 29
488 30
488 31
488 32
489 26
489 27
489 28
489 29
489 30
489 31
490 25
490 26
490 27
490 28
490 29
490 30
491 24
491 25
491 26
491 27
491 28
491 29
492 24
492 25
492 26
492 27
492 28
493 23
493 24
493 25
493 26
493 27
494 23
494 24
494 25
494 26
495 22
495 23
495 24
495 25
495 26
496 22
496 23
496 24
496 25
497 23
497 24
498 39
498 40
498 41
498 42
498 43
498 44
498 45
498 46
499 34
499 35
499 36
499 37
499 38
499 39
499 40
499 41
499 42
499 43
499 44
499 45
499 46
499 47
499 48
499 49
499 50
500 32
500 33
500 34
500 35
500 36
500 37
500 38
500 39
500 40
500 41
500 42
500 43
500 44
500 45
500 46
500 47
500 48
500 49
500 50
500 51
500 52
501 30
501 31
501 32
501 33
501 34
501 35
501 36
501 37
501 38
501 39
501 40
501 41
501 42
501 43
501 44
501 45
501 46
501 47
501 48
501 49
501 50
501 51
501 52
501 53
501 54
502 29
502 30
502 31
502 32
502 33
502 34
502 35
502 36
502 37
502 38
502 47
502 48
502 49
502 50
502 51
502 52
502 53
502 54
502 55
503 27
503 28
503 29
503 30
503 31
503 32
503 33
503 34
503 50
503 51
503 52
503 53
503 54
503 55
503 56
504 27
504 28
504 29
504 30
504 31
504 32
504 52
504 53
504 54
504 55
504 56
504 57
505 26
505 27
505 28
505 29
505 30
505 54
505 55
505 56
505 57
505 58
506 26
506 27
506 28
506 29
506 55
506 56
506 57
506 58
506 59
507 25
507 26
507 27
507 28
507 29
507 56
507 57
507 58
507 59
507 60
508 25
508 26
508 27
508 28
508 56
508 57
508 58
508 59
508 60
509 25
509 26
509 27
509 28
509 57
509 58
509 59
509 60
509 61
510 25
510 26
510 27
510 28
510 58
510 59
510 60
510 61
511 25
511 26
511 27
511 28
511 29
511 58
511 59
511 60
511 61
512 25
512 26
512 27
512 28
512 29
512 58
512 59
512 60
512 61
513 26
513 27
513 28
513 29
513 30
513 31
513 59
513 60
513 61
513 62
514 27
514 28
514 29
514 30
514 31
514 32
514 33
514 59
514 60
514 61
514 62
515 28
515 29
515 30
515 31
515 32
515 33
515 34
515 35
515 59
515 60
515 61
515 62
516 29
516 30
516 31
516 32
516 33
516 34
516 35
516 36
516 37
516 38
516 59
516 60
516 61
516 62
517 30
517 31
517 32
517 33
517 34
517 35
517 36
517 37
517 38
517 39
517 40
517 41
517 59
517 60
517 61
517 62
518 32
518 33
518 34
518 35
518 36
518 37
518 38
518 39
518 40
518 41
518 42
518 43
518 44
518 45
518 59
518 60
518 61
518 62
519 35
519 36
519 37
519 38
519 39
519 40
519 41
519 42
519 43
519 44
519 45
519 46
519 47
519 48
519 49
519 50
519 59
519 60
519 61
519 62
520 9
520 10
520 11
520 12
520 13
520 14
520 15
520 16
520 17
520 18
520 19
520 20
520 21
520 22
520 23
520 24
520 25
520 26
520 27
520 28
520 29
520 30
520 31
520 32
520 33
520 34
520 35
520 36
520 37
520 38
520 39
520 40
520 41
520 42
520 43
520 44
520 45
520 46
520 47
520 48
520 49
520 50
520 51
520 52
520 53
520 54
520 55
520 56
520 59
520 60
520 61
520 62
521 9
521 10
521 11
521 12
521 13
521 14
521 15
521 16
521 17
521 18
521 19
521 20
521 21
521 22
521 23
521 24
521 25
521 26
521 27
521 28
521 29
521 30
521 31
521 32
521 33
521 34
521 35
521 36
521 37
521 38
521 39
521 40
521 41
521 42
521 43
521 44
521 45
521 46
521 47
521 48
521 49
521 50
521 51
521 52
521 53
521 54
521 55
521 56
521 57
521 58
521 59
521 60
521 61
521 62
522 9
522 10
522 11
522 12
522 13
522 14
522 15
522 16
522 17
522 18
522 19
522 20
522 21
522 22
522 23
522 24
522 25
522 26
522 27
522 28
522 29
522 30
522 31
522 32
522 33
522 34
522 35
522 36
522 37
522 38
522 39
522 40
522 41
522 42
522 43
522 44
522 45
522 46
522 47
522 48
522 49
522 50
522 51
522 52
522 53
522 54
522 55
522 56
522 57
522 58
522 59
522 60
522 61
522 62
523 30
523 31
523 32
523 33
523 34
523 35
523 36
523 37
523 38
523 39
523 40
523 41
523 42
523 43
523 44
523 45
523 46
523 47
523 48
523 49
523 50
523 51
523 52
523 53
523 54
523 55
523 56
523 57
523 58
523 59
523 60
523 61
523 62
524 54
524 55
524 56
524 57
524 58
524 59
524 60
524 61
524 62
530 28
530 29
530 30
530 55
530 56
530 57
531 28
531 29
531 30
531 55
531 56
531 57
532 28
532 29
532 30
532 55
532 56
532 57
533 28
533 29
533 30
537 27
537 28
537 29
537 30
537 31
537 32
537 33
537 34
537 35
537 36
537 37
537 38
537 39
537 40
537 41
537 42
537 43
537 44
537 45
538 20
538 21
538 22
538 23
538 24
538 25
538 26
538 27
538 28
538 29
538 30
538 31
538 32
538 33
538 34
538 35
538 36
538 37
538 38
538 39
538 40
538 41
538 42
538 43
538 44
538 45
538 46
538 47
538 48
538 49
538 50
538 51
539 15
539 16
539 17
539 18
539 19
539 20
539 21
539 22
539 23
539 24
539 25
539 26
539 27
539 28
539 29
539 30
539 31
539 32
539 33
539 34
539 35
539 36
539 37
539 38
539 39
539 40
539 41
539 42
539 43
539 44
539 45
539 46
539 47
539 48
539 49
539 50
539 51
539 52
539 53
539 54
539 55
539 56
540 11
540 12
540 13
540 14
540 15
540 16
540 17
540 18
540 19
540 20
540 21
540 22
540 23
540 24
540 25
540 26
540 27
540 28
540 29
540 30
540 31
540 32
540 33
540 34
540 35
540 36
540 37
540 38
540 39
540 40
540 41
540 42
540 43
540 44
540 45
540 46
540 47
540 48
540 49
540 50
540 51
540 52
540 53
540 54
540 55
540 56
540 57
540 58
540 59
540 60
541 8
541 9
541 10
541 11
541 12
541 13
541 14
541 15
541 16
541 17
541 18
541 19
541 20
541 21
541 22
541 23
541 24
541 25
541 47
541 48
541 49
541 50
541 51
541 52
541 53
541 54
541 55
541 56
541 57
541 58
541 59
541 60
541 61
541 62
541 63
542 5
542 6
542 7
542 8
542 9
542 10
542 11
542 12
542 13
542 14
542 15
542 16
542 17
542 18
542 19
542 53
542 54
542 55
542 56
542 57
542 58
542 59
542 60
542 61
542 62
542 63
542 64
542 65
543 2
543 3
543 4
543 5
543 6
543 7
543 8
543 9
543 10
543 11
543 12
543 13
543 14
543 57
543 58
543 59
543 60
543 61
543 62
543 63
543 64
543 65
543 66
543 67
543 68
544 0
544 1
544 2
544 3
544 4
544 5
544 6
544 7
544 8
544 9
544 10
544 11
544 60
544 61
544 62
544 63
544 64
544 65
544 66
544 67
544 68
544 69
545 0
545 1
545 2
545 3
545 4
545 5
545 6
545 7
545 8
545 63
545 64
545 65
545 66
545 67
545 68
545 69
546 0
546 1
546 2
546 3
546 4
546 5
546 66
546 67
546 68
546 69
547 1
547 2
550 3
550 4
551 2
551 3
551 4
552 1
552 2
552 3
552 4
552 5
552 67
552 68
553 1
553 2
553 3
553 4
553 66
553 67
553 68
554 1
554 2
554 3
554 4
554 66
554 67
554 68
555 1
555 2
555 3
555 4
555 66
555 67
555 68
556 1
556 2
556 3
556 4
556 65
556 66
556 67
556 68
557 1
557 2
557 3
557 4
557 65
557 66
557 67
557 68
558 1
558 2
558 3
558 4
558 64
558 65
558 66
558 67
558 68
559 1
559 2
559 3
559 4
559 64
559 65
559 66
559 67
560 1
560 2
560 3
560 4
560 5
560 63
560 64
560 65
560 66
560 67
561 2
561 3
561 4
561 5
561 62
561 63
561 64
561 65
561 66
562 2
562 3
562 4
562 5
562 6
562 61
562 62
562 63
562 64
562 65
562 66
563 3
563 4
563 5
563 6
563 7
563 26
563 27
563 28
563 29
563 30
563 41
563 42
563 43
563 44
563 45
563 46
563 47
563 60
563 61
563 62
563 63
563 64
563 65
564 3
564 4
564 5
564 6
564 7
564 8
564 22
564 23
564 24
564 25
564 26
564 27
564 28
564 29
564 30
564 31
564 32
564 39
564 40
564 41
564 42
564 43
564 44
564 45
564 46
564 47
564 48
564 49
564 50
564 51
564 52
564 53
564 54
564 55
564 56
564 57
564 58
564 59
564 60
564 61
564 62
564 63
564 64
565 4
565 5
565 6
565 7
565 8
565 9
565 10
565 11
565 19
565 20
565 21
565 22
565 23
565 24
565 25
565 26
565 27
565 28
565 29
565 30
565 31
565 32
565 33
565 37
565 38
565 39
565 40
565 41
565 42
565 43
565 44
565 45
565 46
565 47
565 48
565 49
565 50
565 51
565 52
565 53
565 54
565 55
565 56
565 57
565 58
565 59
565 60
565 61
565 62
565 63
566 5
566 6
566 7
566 8
566 9
566 10
566 11
566 12
566 13
566 14
566 15
566 16
566 17
566 18
566 19
566 20
566 21
566 22
566 23
566 24
566 25
566 26
566 27
566 28
566 29
566 30
566 31
566 32
566 33
566 34
566 36
566 37
566 38
566 39
566 40
566 41
566 42
566 43
566 44
566 45
566 46
566 47
566 48
566 49
566 50
566 51
566 52
566 53
566 54
566 55
566 56
566 57
566 58
566 59
566 60
566 61
566 62
567 7
567 8
567 9
567 10
567 11
567 12
567 13
567 14
567 15
567 16
567 17
567 18
567 19
567 20
567 21
567 22
567 23
567 24
567 25
567 30
567 31
567 32
567 33
567 34
567 35
567 36
567 37
567 38
567 39
567 40
567 41
567 48
567 49
567 50
567 51
567 52
567 53
567 54
567 55
567 56
567 57
567 58
567 59
567 60
568 8
568 9
568 10
568 11
568 12
568 13
568 14
568 15
568 16
568 17
568 18
568 19
568 20
568 21
568 22
568 31
568 32
568 33
568 34
568 35
568 36
568 37
568 38
568 39
569 13
569 14
569 15
569 16
569 17
569 32
569 33
569 34
569 35
569 36
569 37
569 38
570 32
570 33
570 34
570 35
570 36
570 37
571 32
571 33
571 34
571 35
571 36
572 32
572 33
572 34
572 35
572 36
573 32
573 33
573 34
573 35
573 36
574 33
574 34
574 35
